%YAML:1.0
---
transform:
   t_x: 1.4476710731072283e-02
   t_y: 3.5902127369226183e-02
   t_z: -6.5237117107453113e-02
   r: [ 9.9998149946328940e-01, 4.6277236668668982e-04,
       6.0651935573362665e-03, -4.1814687593390255e-03,
       7.7645011881274906e-01, 6.3016484217598379e-01,
       -4.4176973827995403e-03, -6.3017854520556671e-01,
       7.7643768913701605e-01 ]
