%YAML:1.0
---
transform:
   t_x: -0.0298198992001397766849
   t_y: 0.0215810070446861464177
   t_z: -0.0279772659110341000155
   r: [ 0.999945218281643510849, -0.00263227255983057616476, 0.0101307243989317164595,
       -0.00408162458124680660454, 0.793184841565478526704, 0.60896727945885975597,
       -0.00963850488686441436714, -0.608975268998600549608, 0.793130645588498106591]
