%YAML:1.0
---
transform:
   t_x: -0.004877305496366817
   t_y: 0.012777325578424278
   t_z: 0.021639725045163965
   r: [ 0.9997985571563616, 0.013027054371734386, 0.015268954203028828,
       -0.01962779785498824, 0.7935755297348024, 0.6081551020566153,
       -0.004194598839225835, -0.6083322895100377, 0.7936713620133048 ]
