%YAML:1.0
---
model_type: MEI
camera_name: mei
image_width: 1280
image_height: 960
mirror_parameters:
   xi: 1.7636640714010152e-01
distortion_parameters:
   k1: 1.8236002545223046e-01
   k2: -1.6284299330711155e-01
   p1: 6.7629878304676077e-03
   p2: -1.2550424794130557e-03
projection_parameters:
   gamma1: 6.7466880747469895e+02
   gamma2: 6.8221371018963271e+02
   u0: 6.4649939736521060e+02
   v0: 4.9700493240588582e+02
