%YAML:1.0
---
transform:
   t_x: -3.9203697406877985e-02
   t_y: 1.5866463435490151e-03
   t_z: -7.9752736920688590e-04
   r: [ 9.9997533733203103e-01, 6.9990388243297520e-03,
       -5.8153523219495781e-04, -6.9993835038019625e-03,
       9.9997532830494906e-01, -5.9280011477677054e-04,
       5.7737185371665794e-04, 5.9685588285547295e-04,
       9.9999965520233935e-01 ]
