cam0:
  camera_model: pinhole
  distortion_coeffs: [0.000962259382895234, -0.0013681629896331769, 0.0, -0.0003379311632667432,
    0.0004425976923226831]
  distortion_model: radtan
  intrinsics: [389.41100083499396, 389.4965157085501, 323.5695255689104, 234.38443516229873]
  resolution: [640, 480]
  rostopic: /cam0/image_raw
cam1:
  camera_model: pinhole
  distortion_coeffs: [0.030469243901796395, -0.03865946100199035, 0.0, -0.0008902591568414498,
    -0.0006466849619902206]
  distortion_model: radtan
  intrinsics: [449.7381091552895, 449.36255303033175, 322.96126512743393, 241.0067470703169]
  resolution: [640, 480]
  rostopic: /cam1/image_raw
cam2:
  camera_model: pinhole
  distortion_coeffs: [0.0005739394906252917, -0.0028622966352254095, 0.0, -0.00036455189092527297,
    -0.0001955886911109604]
  distortion_model: radtan
  intrinsics: [388.0592012707454, 388.3084034679293, 322.84154996135624, 233.65233801726626]
  resolution: [640, 480]
  rostopic: /cam2/image_raw
cam3:
  camera_model: pinhole
  distortion_coeffs: [0.023975130328665446, -0.042382138044280766, 0.0, 0.0033467922545996304,
    -0.0006137133656299577]
  distortion_model: radtan
  intrinsics: [289.5161106804787, 291.2975243243869, 320.8957528102377, 240.586864355793]
  resolution: [640, 480]
  rostopic: /cam3/image_raw
cam4:
  camera_model: omni
  distortion_coeffs: [-0.07549632307642228, 0.06190449326561846, 0.0, -0.0003110318298419796,
    0.0005646261243863548]
  distortion_model: radtan
  intrinsics: [1.141926817701968, 466.6134742372605, 466.4304577043905, 249.03682499076623,
    198.74611547126347]
  resolution: [500, 400]
  rostopic: /cam4/image_raw
cam5:
  camera_model: omni
  distortion_coeffs: [-0.0677567993473825, 0.07732025795388184, 0.0, 0.0008445201862779853,
    -0.001368149569359663]
  distortion_model: radtan
  intrinsics: [1.1353790526221885, 461.35448500849867, 462.107018641397, 243.6229215038181,
    200.18659495153437]
  resolution: [500, 400]
  rostopic: /cam5/image_raw
